34
46
47
1
21
13
31
39
3
35
49
38
32
28
14
29
23
15
27
12
40
30
5
26
18
17
22
4
6
8
9
7
31
10
11
34
13
25
38
16
14
20
19
15
21
27
52
12
23
36
18
29
17
35
28
32
22
24
45
43
30
31
33
26
53
34
37
38
61
39
40
41
42
44
78
46
47
48
50
63
52
64
54
59
80
56
57
85
72
89
71
75
77
79
81
84
83
88
90
93
139
95
98
102
106
113
135
110
115
127
128
210
182
184
172
221
152
189
163
164
188
171
190
196
193
200
208
204
212
216
263
225
237
242
394
291
315
376
316
433
455
323
406
504
613
396
657
383
404
405
408
412
441
479
453
710
462
606
533
607
614
631
808
639
706
804
858
791
779
787
795
1262
813
1228
1834
861
853
1570
986
1418
995
1093
1140
1901
1221
1245
1337
1345
1426
1485
1578
1566
1604
2231
1582
2361
1666
1674
1714
1839
1993
3152
1981
2079
2903
2561
5464
3060
2558
3280
2582
2682
2992
4734
3151
4235
4143
3186
4027
3248
3340
3513
3388
4982
3820
3974
4060
6448
5592
5119
5574
5140
5240
6272
5264
5674
6022
6143
9410
6337
9375
10383
6526
12011
11125
6728
6901
7208
7794
7880
11588
11946
10359
15623
10259
11666
13254
18333
21971
11790
13468
13230
12669
16720
24818
31002
19460
13427
19982
13629
19382
14109
24468
15674
18139
20618
21925
22025
22049
26859
26298
24459
53051
25020
27097
35654
25899
26096
43928
27056
27536
27738
29101
32248
39129
29783
49488
46945
33813
40064
42667
43950
80789
48145
49479
50757
50358
51116
131905
54153
76535
61349
53152
54592
71688
95819
78495
180050
62031
84014
80540
73877
101873
76480
82731
86617
104071
97624
98503
99837
126280
101474
105269
107305
107744
124840
176957
115183
116623
158305
148648
135908
146045
142571
150357
169348
156608
174983
159211
234411
218097
196127
197461
223928
230109
250122
206743
212574
222488
292928
231806
251091
252531
259194
301782
299179
427514
288616
365059
410302
430671
383139
334194
628132
393588
459274
402870
404204
419317
429231
435062
438549
444380
661393
484337
784376
697743
718468
726693
786009
702049
818531
772953
848584
867476
797792
1388086
928717
852862
796458
807074
822187
1591450
848548
864293
1614989
1245623
1566342
1145730
1282129
1629261
1499646
1420517
2477809
1488058
2493554
1569411
1570745
1594250
2149605
3057469
1675049
2052697
3649251
2455743
4022085
2109916
3914071
2094171
3759938
2566247
3601473
4626880
2427859
2702646
3128907
2920163
3095566
3058803
3082308
3140156
4628214
3164995
6197625
3727746
4660418
5510167
4146868
4883602
4537775
5837662
4204087
5176479
4522030
4994106
6770334
5622809
5130505
5348022
5761449
5978966
6002471
6177874
9037769
10125834
6305151
6892741
9925371
7874614
7931833
9654524
8350955
8668898
8726117
9380566
9965536
15302313
9516136
9652535
10124611
10478527
11308379
11109471
11326988
12284117
12180345
12307622
12483025
16282788
14974049
19505177
29470713
16225569
15806447
17019853
17077072
17395015
20960914
21234082
26248324
19168671
19640747
20979523
23592496
20603138
21587998
22417850
29361189
28566905
40148194
32089235
47209238
75776143
30780496
34414868
32032016
33620584
32883519
32826300
34096925
51994971
40874829
38809418
32321523